12001382391
12001382392
12001382395
12001382396
12001382397
12001382398
12001382399
12001382400
12001382401
12001382402
12001382404
12012015574
12012015578
12012015580
12012015581
12012015584
12012015585
12012015586
12012015587
12012015588
12012018978
12012018979
12012018980
12012018981
12012018982
12012018984
12012018985
12012018986
12012018987
12012750981
12012750985
12012750986
12012750987
12012750990
12012750991
12012750993
12012750994
12012868514
12012868516
12012868518
12012868522
12012868523
12012868524
12012868525
12012868527
12013170460
12013170461
12013170464
12013170465
12013170466
12013284715
12013284717
12013284718
12013284719
12013284720
12013284722
12013284724
12013284725
12013284726
12013284728
12013408703
12013408704
12013408706
12013408707
12013408708
12013408710
12013408712
12013408715
12013408717
12013670707
12013670708
12013670710
12013670713
12013670715
12013670716
12013670717
12013670718
12013670719
12013794690
12013794692
12013794693
12013794695
12013794696
12013794698
12013794700
12013794701
12013794702
12013794703
12013794704
12014720432
12014720433
12014720438
12014720440
12014720441
12014720443
12014720444
12014720445
12014720446
12014975247
12014975250
12014975251
12014975253
12014975256
12014975257
12014975258
12014975259
12015130513
12015130514
12015130515
12015130516
12015130517
12015130519
12015130523
12015130525
12015130526
12015286041
12015286042
12015286043
12015286045
12015286047
12015286048
12015286049
12015286052
12015286055
12015640522
12015640524
12015640525
12015640526
12015640528
12015640529
12015640530
12015640532
12015640533
12015640534
12015640535
12015640536
12016141670
12016141671
12016141672
12016141676
12016141679
12016141680
12016141681
12016141682
12016141683
12016143992
12016143993
12016143994
12016143995
12016143996
12016143997
12016144000
12016144001
12016144002
12016144003
12016144004
12016144006
12017377252
12017377253
12017377254
12017377256
12017377257
12017377259
12017377260
12017377261
12017377262
12017377263
12017595185
12017595186
12017595187
12017595189
12017595190
12017595191
12017595192
12017595193
12017595194
12017595195
12017595198
12017595199
12017625585
12017625586
12017625587
12017625589
12017625590
12017625591
12017625593
12017625594
12017625595
12017625596
12017625597
12017625599
12017741553
12017741554
12017741556
12017741558
12017741559
12017741560
12017741561
12017741562
12017741563
12017741564
12017741565
12018060319
12018060320
12018060322
12018060323
12018060325
12018060327
12018060328
12018060329
12018060332
12018546043
12018546044
12018546046
12018546047
12018546049
12018546052
12018546053
12018546055
12018546056
12018546057
12019056640
12019056643
12019056645
12019056646
12019056649
12019056650
12019955752
12019955754
12019955756
12019955757
12019955759
12019955760
12019955761
12019955762
12019955763
12019955765
12019955766
12020111809
12020111813
12020111814
12020111815
12020111816
12020111817
12020111818
12020111820
12020111822
12021060920
12021060921
12021060922
12021060923
12021060925
12021060929
12021060931
12021060932
12021060933
12021060934
12022412447
12022412448
12022412449
12022412450
12022412453
12022412456
12022412458
12023160350
12023160351
12023160353
12023160354
12023160356
12023160357
12023160359
12023160362
12023160363
12023160364
12023266420
12023266422
12023266423
12023266424
12023266425
12023266426
12023266427
12023266430
12023266431
12023266433
12023266434
12023431892
12023431895
12023431896
12023431897
12023431899
12023431903
12023431904
12023431905
12023718304
12023718305
12023718306
12023718307
12023718308
12023718309
12023718311
12023718313
12023718314
12023718315
12023718316
12023718317
12023819947
12023819948
12023819949
12023819950
12023819951
12023819952
12023819953
12023819954
12023819956
12023819958
12023819960
12023819961
12024181003
12024181004
12024181005
12024181006
12024181007
12024181009
12024181010
12024181012
12024181015
12024181016
12024181017
12024366580
12024366581
12024366584
12024366587
12024366588
12024366589
12024366591
12024366592
12024366593
12024366594
12024419935
12024419936
12024419937
12024419940
12024419941
12024419942
12024419943
12024419944
12024419946
12024419948
12025739041
12025739042
12025739043
12025739046
12025739047
12025739048
12025739050
12025961897
12025961898
12025961900
12025961901
12025961904
12025961905
12025961906
12025961908
12026237003
12026237006
12026237008
12026237009
12026237010
12026237013
12026237016
12026237017
12026308147
12026308148
12026308149
12026308150
12026308152
12026308153
12026308154
12026308157
12026308160
12027500114
12027500116
12027500117
12027500118
12027500121
12027500122
12027500123
12027500125
12027500128
12027501761
12027501762
12027501764
12027501765
12027501768
12027501769
12027501770
12027501771
12028003137
12028003138
12028003142
12028003144
12028003145
12028003146
12028003147
12028003149
12028526178
12028526179
12028526181
12028526182
12028526184
12028526187
12028526190
12028526191
12029220226
12029220229
12029220232
12029220233
12029220235
12029220237
12029354346
12029354347
12029354348
12029354352
12029354353
12029354354
12029354355
12029354356
12029354357
12029354358
12029354359
12029354360
12029818627
12029818628
12029818630
12029818631
12029818633
12029910143
12029910144
12029910145
12029910146
12029910148
12029910150
12029910151
12029910154
12029910155
12029910156
12029910157
12033498153
12033498157
12033498158
12033498160
12033498161
12033498162
12033498163
12033498165
12033498167
12033507311
12033507312
12033507315
12033507318
12033507319
12033507320
12033507321
12033507324
12033509741
12033509742
12033509744
12033509746
12033509747
12033509750
12033509751
12033509753
12033509754
12034387480
12034387481
12034387482
12034387484
12034387486
12034387488
12034387489
12034387492
12034387493
12034387494
12035511901
12035511902
12035511904
12035511906
12035511907
12035511908
12035511909
12035511910
12035511911
12035511913
12036171813
12036171814
12036171815
12036171816
12036171817
12036171820
12036171822
12036171823
12036171824
12036171825
12036171826
12036358703
12036358706
12036358707
12036358708
12036358709
12036358711
12036358713
12036358714
12042029346
12042029348
12042029349
12042029350
12042029351
12042029353
12042029354
12042029355
12042029357
12042029358
12042029359
12042029360
12042180737
12042180738
12042180740
12042180741
12042180742
12042180743
12042180744
12042180745
12042180747
12042180748
12042180751
12042727923
12042727924
12042727925
12042727928
12042727929
12042727930
12042727931
12042727933
12042727935
12042727936
12042727937
12043255541
12043255542
12043255544
12043255545
12043255546
12043255547
12043255548
12043255549
12043255551
12043255552
12043255553
12043255554
12043255555
12043624828
12043624832
12043624833
12043624835
12043624839
12043624841
12043814725
12043814727
12043814728
12043814729
12043814731
12043814733
12043814734
12043814736
12043814737
12044105567
12044105568
12044105569
12044105570
12044105572
12044105573
12044105574
12044105577
12044105578
12044105579
12044105581
12046695594
12046695595
12046695597
12046695598
12046695599
12046695600
12046695601
12046695603
12046695605
12046695606
12048293587
12048293589
12048293590
12048293593
12048965175
12048965177
12048965178
12048965180
12048965181
12048965183
12048965184
12048965185
12048965186
12048965187
12048965188
12048965189
12049254639
12049254641
12049254642
12049254644
12049254645
12049254646
12049254647
12049254648
12049254649
12049254652
12049254653
12049470327
12049470328
12049470329
12049470332
12049470333
12049470334
12049470337
12049470338
12049510070
12049510071
12049510072
12049510073
12049510074
12049510075
12049510077
12049510078
12049510079
12049510080
12049510081
12049510082
12049510083
12049980533
12049980535
12049980537
12049980538
12049980539
12049980541
12049980542
12049980543
12049980545
12053467000
12053467001
12053467005
12053467006
12053467008
12053467012
12053467013
12053467014
12053703178
12053703180
12053703181
12053703182
12053703183
12053703184
12053703185
12053703186
12053703187
12053703188
12053703189
12053703190
12053703191
12056062220
12056062225
12056062226
12056062227
12056062228
12056062231
12056062232
12056247160
12056247162
12056247163
12056247166
12056247168
12056247169
12056247170
12056247171
12056247173
12056247174
12056369257
12056369258
12056369259
12056369260
12056369261
12056369262
12056369263
12056369264
12056369265
12056369266
12056369267
12056369268
12057465675
12057465676
12057465677
12057465678
12057465679
12057465681
12057465684
12057465685
12057465686
12057465687
12059972071
12059972073
12059972075
12059972077
12059972079
12059972080
12059972083
12059972084
12059972085
12062262783
12062262784
12062262785
12062262788
12062262789
12062262791
12062262792
12062262795
12062378029
12062378031
12062378033
12062378034
12062378035
12062378037
12062378038
12062378039
12062378040
12062378041
12063134520
12063134522
12063134523
12063134525
12063134526
12063134527
12063134528
12063134529
12063134530
12063134532
12063171221
12063171222
12063171223
12063171224
12063171225
12063171226
12063171227
12063171228
12063171229
12063171230
12063171231
12063171233
12063171234
12063171235
12063379726
12063379727
12063379728
12063379730
12063379731
12063379732
12063379733
12063379734
12063379735
12063379739
12063909710
12063909711
12063909712
12063909713
12063909715
12063909717
12063909718
12063909719
12063909721
12063909722
12064009419
12064009420
12064009422
12064009423
12064009424
12064009425
12064009426
12064009427
12064009430
12064009431
12064009432
12064009433
12064158287
12064158288
12064158291
12064158292
12064158293
12064158294
12064158296
12064158300
12064158301
12065310279
12065310280
12065310281
12065310284
12065310285
12065310286
12065310287
12065310289
12065310290
12065310291
12065539131
12065539132
12065539133
12065539135
12065539137
12065539138
12065539139
12065539142
12065695379
12065695380
12065695381
12065695382
12065695383
12065695384
12065695385
12065695388
12065695389
12065695391
12066515759
12066515760
12066515762
12066515763
12066515764
12066515766
12066515767
12066515769
12066515770
12066515771
12066725977
12066725978
12066725979
12066725980
12066725981
12066725982
12066725983
12066725984
12066725985
12066725988
12066725990
12066725991
12069100155
12069100156
12069100157
12069100158
12069100159
12069100161
12069100162
12069100163
12069100164
12069100165
12069100166
12072747414
12072747416
12072747418
12072747421
12072747422
12072747423
12072747424
12072747425
12072747428
12073520038
12073520040
12073520042
12073520043
12073520044
12073520045
12073520046
12073520047
12073520050
12073583118
12073583119
12073583122
12073583123
12073583124
12073583125
12073583126
12073583127
12073583128
12073583129
12073583130
12073583131
12073583132
12076672691
12076672694
12076672699
12076672700
12076672701
12076672702
12076672704
12078921305
12078921308
12078921311
12078921312
12078921314
12078921316
12082586253
12082586254
12082586255
12082586256
12082586257
12082586258
12082586261
12082586262
12082586263
12082586265
12082586266
12084257803
12084257804
12084257805
12084257806
12084257807
12084257809
12084257810
12084257811
12084257812
12084257814
12084257815
12085021381
12085021382
12085021384
12085021385
12085021386
12085021388
12085021390
12085021391
12085021395
12087574863
12087574865
12087574866
12087574868
12087574869
12087574870
12087574871
12087574872
12087574873
12087574874
12087574876
12089962200
12089962201
12089962202
12089962203
12089962204
12089962205
12089962206
12089962207
12089962208
12089962209
12089962210
12089962211
12089962213
12089962214
12092133043
12092133044
12092133049
12092133051
12092133052
12092133053
12092133055
12092592465
12092592466
12092592467
12092592468
12092592469
12092592471
12092592472
12092592473
12092592474
12092592475
12092592479
12092668233
12092668234
12092668235
12092668236
12092668239
12092668240
12092668242
12092668243
12092668245
12093827916
12093827917
12093827918
12093827919
12093827920
12093827921
12093827923
12093827925
12093827927
12093827928
12093827929
12095194993
12095194994
12095194995
12095194996
12095194997
12095194998
12095194999
12095195000
12095195001
12095195002
12095195003
12095195004
12095195005
12095195006
12095195007
12095853400
12095853401
12095853402
12095853404
12095853405
12095853406
12095853407
12095853408
12095853409
12095853410
12095853411
12095853412
12095853413
12095853414
12096003210
12096003211
12096003212
12096003213
12096003214
12096003216
12096003217
12096003218
12096003219
12096003222
12096003223
12096915099
12096915100
12096915104
12096915106
12096915107
12096915108
12096915109
12096915111
12098373669
12098373670
12098373674
12098373676
12098373677
12098373678
12098373679
12098373680
12098373682
12098373683
12099121029
12099121031
12099121032
12099121033
12099121034
12099121036
12099121037
12099121038
12099121041
12099121042
12102278103
12102278105
12102278108
12102278109
12102278111
12102278113
12102278114
12102278115
12102278116
12102515180
12102515181
12102515182
12102515183
12102515184
12102515185
12102515186
12102515187
12102515189
12102515190
12102515191
12102515192
12102515193
12102741899
12102741901
12102741902
12102741903
12102741904
12102741905
12102741906
12102741907
12102741908
12102741910
12102741912
12103400055
12103400056
12103400057
12103400058
12103400059
12103400060
12103400061
12103400062
12103400066
12104469360
12104469362
12104469363
12104469365
12104469366
12104469367
12104469368
12104469369
12104469370
12104469371
12104469373
12108880866
12108880867
12108880868
12108880869
12108880870
12108880875
12108880876
12108880878
12119371290
12119371291
12119371293
12119371294
12119371295
12119371297
12119371300
12119371301
12119371302
12119371303
12119371304
12122243346
12122243347
12122243350
12122243351
12122243352
12122243354
12122243356
12122243357
12122243358
12122243360
12122558022
12122558023
12122558024
12122558025
12122558026
12122558027
12122558028
12122558030
12122558031
12122558033
12122569246
12122569248
12122569250
12122569251
12122569252
12122569255
12122569256
12122569259
12123139550
12123139551
12123139552
12123139555
12123139557
12123139558
12123139560
12123139561
12123139562
12123139563
12123182005
12123182007
12123182008
12123182009
12123182011
12123182012
12123182013
12123182015
12123182017
12123281446
12123281448
12123281450
12123281451
12123281452
12123281453
12123281454
12123281456
12123281458
12123281459
12123281460
12123559703
12123559704
12123559705
12123559706
12123559709
12123559711
12123559712
12123559713
12123559714
12123559716
12123567503
12123567504
12123567506
12123567507
12123567508
12123567509
12123567511
12123567513
12123567515
12123594105
12123594106
12123594107
12123594109
12123594111
12123594112
12123594113
12123594114
12123594115
12123594116
12123594117
12123718858
12123718859
12123718860
12123718862
12123718865
12123718866
12123718868
12123718871
12123727523
12123727527
12123727531
12123727533
12123727534
12123727536
12123727537
12123808392
12123808393
12123808395
12123808396
12123808397
12123808398
12123808399
12123808400
12123808402
12123808404
12124004848
12124004849
12124004850
12124004851
12124004853
12124004854
12124004855
12124004857
12124004861
12124004862
12124014888
12124014890
12124014891
12124014893
12124014894
12124014895
12124014896
12124014897
12124014898
12124014899
12124014900
12124014902
12124818003
12124818004
12124818007
12124818009
12124818011
12124818012
12124818013
12124818014
12124818016
12124818017
12124862230
12124862231
12124862232
12124862233
12124862235
12124862236
12124862238
12124862241
12124862242
12124862243
12124862244
12125120876
12125120878
12125120880
12125120881
12125120882
12125120883
12125120884
12125120886
12125120887
12125120888
12125120889
12125120890
12125835752
12125835753
12125835754
12125835755
12125835756
12125835757
12125835758
12125835761
12125835762
12125835764
12125835765
12126021987
12126021988
12126021989
12126021992
12126021995
12126021996
12126022000
12126022001
12126067395
12126067397
12126067399
12126067400
12126067401
12126067403
12126067405
12126067408
12126142737
12126142739
12126142741
12126142742
12126142743
12126142744
12126142745
12126142747
12126142748
12126142750
12126349287
12126349289
12126349290
12126349291
12126349292
12126349293
12126349294
12126349295
12126349296
12126349297
12126410425
12126410426
12126410429
12126410431
12126410432
12126410433
12126410435
12126410436
12126410439
12126538888
12126538889
12126538890
12126538891
12126538892
12126538893
12126538894
12126538895
12126538896
12126538897
12126538898
12126538900
12126538902
12127101323
12127101324
12127101325
12127101327
12127101329
12127101330
12127101331
12127101332
12127101333
12127101334
12127101335
12127101337
12127108983
12127108984
12127108985
12127108986
12127108990
12127108992
12127108994
12127108995
12127108996
12127177503
12127177504
12127177505
12127177507
12127177509
12127177510
12127177513
12127177514
12127177515
12127177516
12127177517
12127305437
12127305438
12127305439
12127305447
12127305448
12127505103
12127505106
12127505107
12127505109
12127505112
12127505113
12127543126
12127543127
12127543129
12127543131
12127543134
12127543135
12127543137
12127543138
12127543139
12127761013
12127761015
12127761016
12127761017
12127761018
12127761020
12127761023
12127761024
12127761026
12127761027
12128100057
12128100059
12128100060
12128100061
12128100062
12128100064
12128100065
12128100066
12128100068
12128271696
12128271698
12128271699
12128271700
12128271703
12128271706
12128271707
12128351602
12128351603
12128351607
12128351610
12128351611
12128351612
12128351614
12128351616
12128490403
12128490405
12128490406
12128490407
12128490410
12128490411
12128490412
12128490414
12128490415
12128490416
12129060053
12129060055
12129060056
12129060058
12129060060
12129060062
12129060063
12129060067
12132950998
12132950999
12132951000
12132951002
12132951004
12132951005
12132951006
12132951007
12132951008
12132951009
12132951010
12132951011
12132951012
12132951381
12132951382
12132951383
12132951384
12132951385
12132951387
12132951388
12132951389
12132951390
12132951392
12132951393
12133203509
12133203510
12133203511
12133203512
12133203513
12133203514
12133203515
12133203516
12133203519
12133203521
12133203523
12133256412
12133256414
12133256415
12133256416
12133256419
12133256420
12133256421
12133256422
12133256423
12133256425
12133256426
12133354699
12133354701
12133354702
12133354704
12133354705
12133354706
12133354709
12133354711
12133360638
12133360639
12133360640
12133360642
12133360643
12133360646
12133360647
12133360650
12133360651
12133363567
12133363568
12133363569
12133363570
12133363572
12133363576
12133388480
12133388481
12133388482
12133388483
12133388485
12133388486
12133388487
12133388488
12133388489
12133388490
12133388491
12133388492
12133388493
12133426538
12133426539
12133426541
12133426542
12133426545
12133426546
12133426547
12133426548
12133426551
12133426552
12133492217
12133492218
12133492219
12133492221
12133492223
12133492226
12133492227
12133492231
12133757521
12133757523
12133757526
12133757528
12133757529
12133757530
12133757531
12133757533
12133949217
12133949220
12133949221
12133949222
12133949223
12133949224
12133949225
12133949226
12133949230
12133949231
12134233997
12134233998
12134233999
12134234000
12134234001
12134234002
12134234004
12134234005
12134234006
12134234008
12134234010
12134650302
12134650303
12134650304
12134650305
12134650307
12134650308
12134650309
12134650311
12134650312
12134650313
12134650314
12134783403
12134783404
12134783408
12134783409
12134783412
12134783414
12134783415
12134784215
12134784217
12134784218
12134784219
12134784220
12134784221
12134784222
12134784223
12134784226
12134874529
12134874530
12134874531
12134874532
12134874535
12134874536
12134874537
12134874539
12134874541
12135297074
12135297076
12135297078
12135297079
12135297080
12135297083
12135297084
12135297086
12135297088
12135346024
12135346025
12135346026
12135346027
12135346028
12135346030
12135346031
12135346033
12135346034
12135346037
12135346038
12135373075
12135373076
12135373077
12135373078
12135373079
12135373081
12135373083
12135373084
12135373086
12135373087
12135373088
12135373089
12135596111
12135596112
12135596113
12135596115
12135596116
12135596117
12135596118
12135596120
12135596121
12135596122
12135686033
12135686034
12135686035
12135686037
12135686038
12135686040
12135686041
12135686043
12135686045
12135686047
12135908098
12135908101
12135908102
12135908103
12135908105
12135908107
12135908109
12135908112
12136300441
12136300442
12136300445
12136300446
12136300447
12136300448
12136300449
12136300452
12136300453
12136300454
12136300455
12137057495
12137057496
12137057497
12137057499
12137057503
12137057504
12137057505
12137057508
12137129778
12137129779
12137129781
12137129782
12137129783
12137129784
12137129786
12137129788
12137129789
12137129790
12137129792
12137614621
12137614622
12137614623
12137614624
12137614627
12137614629
12137614631
12137614633
12137617504
12137617505
12137617506
12137617507
12137617508
12137617509
12137617510
12137617511
12137617513
12137617514
12137617515
12137617516
12137877754
12137877757
12137877759
12137877760
12137877763
12137877764
12137877765
12137877767
12137885599
12137885600
12137885602
12137885605
12137885607
12137885608
12137885609
12137885610
12137885611
12137933410
12137933412
12137933413
12137933414
12137933415
12137933416
12137933417
12137933418
12137933421
12137933422
12138025332
12138025333
12138025335
12138025338
12138025341
12138025343
12138025344
12138027480
12138027481
12138027482
12138027484
12138027487
12138027488
12138027489
12138027490
12138027491
12138027492
12138027493
12138619357
12138619358
12138619359
12138619360
12138619361
12138619362
12138619363
12138619366
12138619368
12138619369
12138619371
12138733501
12138733504
12138733505
12138733508
12138733509
12138733510
12138733511
12138733512
12138733513
12138733514
12139211403
12139211405
12139211406
12139211407
12139211410
12139211412
12139211413
12139211414
12139276329
12139276330
12139276331
12139276332
12139276333
12139276334
12139276335
12139276339
12139276340
12139276341
12139276342
12139276343
12139732771
12139732773
12139732774
12139732777
12139732778
12139732779
12139732782
12139732783
12139732784
12139732785
12139733681
12139733682
12139733683
12139733684
12139733685
12139733686
12139733688
12139733689
12139733692
12139733694
12139927127
12139927128
12139927133
12139927135
12139927136
12139927138
12139927140
12142476417
12142476419
12142476420
12142476421
12142476424
12142476426
12142476427
12142476428
12142476429
12143082413
12143082414
12143082415
12143082416
12143082418
12143082419
12143082420
12143082421
12143082423
12143082424
12143082425
12143082426
12143082427
12144940792
12144940794
12144940796
12144940798
12144940799
12144940802
12144940803
12144940804
12144940805
12146410951
12146410952
12146410953
12146410954
12146410955
12146410956
12146410957
12146410958
12146410959
12146410962
12146410963
12146410965
12147028221
12147028222
12147028223
12147028224
12147028225
12147028229
12147028231
12147028233
12147386362
12147386364
12147386367
12147386368
12147386369
12147386370
12147386372
12147386375
12148370271
12148370272
12148370273
12148370274
12148370275
12148370280
12148370281
12148370282
12152538786
12152538789
12152538790
12152538792
12152538795
12152538796
12153891779
12153891781
12153891783
12153891784
12153891785
12153891786
12153891787
12153891788
12153891790
12153891791
12153891792
12153891793
12155270158
12155270159
12155270160
12155270161
12155270164
12155270165
12155270166
12155270168
12155270169
12155270170
12155270171
12155270172
12156507576
12156507577
12156507579
12156507580
12156507581
12156507583
12156507584
12156507587
12156507589
12156507590
12157100708
12157100709
12157100712
12157100713
12157100715
12157100716
12157100718
12157100719
12157100720
12157100721
12158221348
12158221350
12158221353
12158221356
12158221357
12158221359
12158221360
12158221362
12159156612
12159156613
12159156616
12159156618
12159156619
12163076265
12163076266
12163076267
12163076268
12163076269
12163076270
12163076272
12163076273
12163076275
12163076278
12164380966
12164380969
12164380970
12164380971
12164380972
12164380973
12164380975
12164380976
12164380977
12164380979
12182166997
12182166999
12182167000
12182167002
12182167004
12182167005
12182167006
12182167009
12182167010
12182167011
12182169979
12182169980
12182169981
12182169982
12182169983
12182169984
12182169985
12182169987
12182169988
12182169989
12182169991
12182974819
12182974820
12182974822
12182974823
12182974824
12182974825
12182974826
12182974828
12182974832
12182974833
12190016071
12190016073
12190016074
12190016077
12190016080
12190016081
12190016082
12190016084
12192508110
12192508112
12192508113
12192508114
12192508115
12192508116
12192508117
12192508118
12192508119
12193098587
12193098588
12193098590
12193098591
12193098592
12193098594
12193098595
12193098596
12193098597
12193098599
12193098600
12193793394
12193793395
12193793396
12193793397
12193793406
12193793407
12193793408
12194013610
12194013612
12194013616
12194013619
12194013620
12194013623
12194013624
12196490145
12196490147
12196490148
12196490149
12196490150
12196490151
12196490153
12196490155
12196490156
12196490157
12196490159
12199734136
12199734137
12199734139
12199734140
12199734141
12199734142
12199734143
12199734144
12199734145
12199734146
12199734148
12207102147
12207102149
12207102150
12207102152
12207102153
12207102155
12207102156
12207102157
12207102159
12207102160
12207102161
12242162355
12242162356
12242162357
12242162358
12242162359
12242162360
12242162363
12242162364
12242162367
12243323838
12243323841
12243323843
12243323845
12243323846
12243323849
12243323851
12243323852
12243428098
12243428100
12243428101
12243428102
12243428103
12243428105
12243428107
12243428109
12246770013
12246770015
12246770016
12246770017
12246770018
12246770019
12246770021
12246770022
12253298446
12253298448
12253298449
12253298452
12253298453
12253298454
12253298455
12253298456
12253298457
12253298459
12254759017
12254759018
12254759019
12254759020
12254759021
12254759022
12254759023
12254759025
12254759026
12254759027
12254759028
12254759029
12254759030
12262421290
12262421292
12262421295
12262421296
12262421297
12262421298
12262421299
12262421304
12262609385
12262609387
12262609389
12262609390
12262609391
12262609396
12262609399
12266488892
12266488894
12266488895
12266488896
12266488899
12266488900
12266488901
12266488902
12266488903
12266488904
12266488905
12267000978
12267000979
12267000980
12267000982
12267000983
12267000984
12267000985
12267000986
12267000988
12267000989
12267000991
12267792988
12267792989
12267792992
12267792993
12267792994
12267792996
12267792997
12267792998
12267792999
12267793000
12267793001
12269090238
12269090239
12269090240
12269090241
12269090242
12269090243
12269090244
12269090245
12269090246
12269090247
12269090249
12269090251
12269090252
12269266435
12269266436
12269266437
12269266439
12269266440
12269266441
12269266447
12269266448
12269387669
12269387670
12269387671
12269387672
12269387673
12269387674
12269387676
12269387678
12269387679
12269387680
12269387681
12284360204
12284360209
12284360210
12284360211
12284360212
12284360213
12284360216
12284360217
12284360218
12292308347
12292308348
12292308349
12292308351
12292308353
12292308355
12292308356
12292308357
12315280004
12315280005
12315280006
12315280007
12315280010
12315280011
12315280012
12315280013
12315280015
12342221118
12342221119
12342221120
12342221121
12342221122
12342221123
12342221124
12342221125
12342221126
12342221128
12342221129
12342221130
12342221131
12342563747
12342563748
12342563749
12342563750
12342563751
12342563752
12342563753
12342563755
12342563757
12342563758
12342563760
12342563761
12345178994
12345178995
12345178996
12345178997
12345178998
12345179000
12345179001
12345179003
12345179005
12345179007
12345179008
12345678914
12345678916
12345678918
12345678921
12345678922
12345678924
12345678925
12345678926
12347200535
12347200537
12347200538
12347200539
12347200540
12347200541
12347200543
12347200545
12347200546
12368186039
12368186040
12368186042
12368186045
12368186046
12368186047
12368186048
12368186049
12368186051
12368186052
12368186053
12368819989
12368819990
12368819991
12368819992
12368819993
12368819994
12368819995
12368819997
12368819998
12368819999
12368820000
12368820001
12392106522
12392106523
12392106525
12392106526
12392106529
12392106532
12392106533
12392106534
12392106535
12392106536
12392362364
12392362367
12392362368
12392362371
12392362373
12392362374
12392362376
12392362377
12392362378
12392444144
12392444145
12392444147
12392444150
12392444151
12392444153
12394444207
12394444210
12394444212
12394444213
12394444216
12394444218
12394444220
12397854945
12397854946
12397854948
12397854949
12397854951
12397854952
12397854953
12397854954
12397854955
12397854956
12397854957
12403168162
12403168163
12403168164
12403168165
12403168166
12403168168
12403168170
12403168171
12403168172
12403168173
12403433779
12403433780
12403433781
12403433783
12403433784
12403433785
12403433786
12403433788
12403433789
12403433791
12403433792
12403439933
12403439934
12403439936
12403439937
12403439938
12403439939
12403439941
12403439942
12403439943
12403439944
12403439945
12403439946
12403600761
12403600762
12403600764
12403600765
12403600766
12403600768
12403600769
12403600771
12403600772
12403600775
12404077793
12404077794
12404077795
12404077797
12404077798
12404077799
12404077800
12404077801
12404077802
12404077803
12404077804
12404077805
12404077806
12404077807
12404732939
12404732940
12404732941
12404732942
12404732943
12404732944
12404732945
12404732947
12404732948
12404732950
12404732951
12478015052
12478015053
12478015057
12478015058
12478015060
12478015062
12478015063
12483467802
12483467803
12483467805
12483467806
12483467807
12483467809
12483467811
12483467812
12483467813
12483467815
12483467816
12484031424
12484031425
12484031426
12484031428
12484031429
12484031432
12484031433
12484031434
12484031436
12484031437
12484031438
12486906155
12486906157
12486906158
12486906159
12486906161
12486906162
12486906164
12486906165
12487304181
12487304182
12487304183
12487304184
12487304185
12487304186
12487304187
12487304188
12487304189
12487304193
12487304194
12487304195
12489380059
12489380061
12489380063
12489380066
12489380067
12489380068
12489380070
12489380073
12494334695
12494334696
12494334699
12494334700
12494334701
12494334702
12494334703
12494334704
12494334706
12494334707
12494334708
12494334709
12498852605
12498852606
12498852607
12498852608
12498852609
12498852610
12498852611
12498852616
12498852618
12498852619
12502133557
12502133559
12502133561
12502133563
12502133564
12502133568
12502133570
12502133571
12502164456
12502164457
12502164459
12502164461
12502164462
12502164463
12502164465
12502164466
12502164468
12502164469
12502413458
12502413459
12502413460
12502413461
12502413462
12502413463
12502413464
12502413466
12502413467
12502413468
12502413469
12502413471
12502413472
12502452315
12502452316
12502452319
12502452322
12502452324
12502452325
12502452326
12502452327
12502452328
12502455287
12502455288
12502455289
12502455291
12502455293
12502455294
12502455295
12502455296
12502455297
12502455298
12502484680
12502484682
12502484684
12502484685
12502484686
12502484689
12502484690
12502484691
12502485506
12502485507
12502485509
12502485510
12502485511
12502485512
12502485513
12502485514
12502485517
12502485518
12502485519
12503196108
12503196109
12503196110
12503196111
12503196112
12503196114
12503196116
12503196118
12503196119
12503196120
12503196121
12503208958
12503208960
12503208961
12503208962
12503208963
12503208964
12503208966
12503208967
12503208969
12503208971
12503375603
12503375607
12503375608
12503375609
12503375610
12503375611
12503375612
12503375613
12503375614
12503375615
12503375616
12503375617
12503413395
12503413398
12503413400
12503413401
12503413402
12503413404
12503413405
12503413408
12503413409
12503823139
12503823141
12503823142
12503823143
12503823144
12503823146
12503823147
12503823148
12503823151
12503868726
12503868727
12503868729
12503868730
12503868732
12503868733
12503868734
12503868737
12503868738
12503903872
12503903873
12503903874
12503903875
12503903877
12503903878
12503903881
12503903883
12503903886
12503925427
12503925430
12503925434
12503925435
12503925437
12503925439
12503925440
12504137322
12504137323
12504137327
12504137328
12504137329
12504137331
12504137333
12504137334
12504137335
12504153859
12504153863
12504153865
12504153867
12504153868
12504153869
12504153870
12504153871
12504153872
12504153873
12504898033
12504898034
12504898039
12504898040
12504898041
12504898042
12504898043
12504898045
12504898047
12504980059
12504980061
12504980062
12504980063
12504980064
12504980065
12504980068
12504980069
12504980072
12505169040
12505169044
12505169045
12505169046
12505169047
12505169052
12505169053
12505169054
12505372839
12505372840
12505372842
12505372844
12505372845
12505372846
12505372849
12505392852
12505392853
12505392854
12505392855
12505392856
12505392857
12505392858
12505392860
12505392861
12505392862
12505392863
12505392864
12505392866
12505442082
12505442085
12505442087
12505442088
12505442089
12505442090
12505442091
12505442092
12505442094
12505442096
12505453267
12505453271
12505453272
12505453273
12505453274
12505453275
12505469014
12505469015
12505469016
12505469017
12505469019
12505469021
12505469022
12505469023
12505469025
12505541614
12505541615
12505541616
12505541618
12505541620
12505541621
12505541622
12505541623
12505541624
12505541625
12505541627
12505792023
12505792024
12505792025
12505792027
12505792029
12505792030
12505792033
12505792034
12505792035
12505792037
12505876255
12505876258
12505876259
12505876260
12505876261
12505876262
12505876264
12505876265
12505876266
12505876267
12505892648
12505892651
12505892652
12505892660
12506583422
12506583423
12506583424
12506583428
12506583430
12506583431
12506583432
12506583434
12506583435
12506583436
12506743712
12506743713
12506743714
12506743715
12506743716
12506743717
12506743719
12506743720
12506743722
12506747906
12506747907
12506747909
12506747911
12506747912
12506747913
12506747914
12506747916
12506747917
12506747919
12506770985
12506770986
12506770987
12506770988
12506770991
12506770993
12506770994
12506770995
12507283682
12507283684
12507283685
12507283687
12507283688
12507283689
12507283691
12507283692
12507283693
12507283694
12507283695
12507371883
12507371884
12507371886
12507371887
12507371889
12507371891
12507371892
12507371893
12507371895
12507440793
12507440794
12507440795
12507440797
12507440799
12507440802
12507440803
12507440804
12507440805
12507440806
12507526978
12507526979
12507526980
12507526982
12507526983
12507526985
12507526986
12507526987
12507526988
12507526989
12507526991
12507543713
12507543714
12507543715
12507543716
12507543717
12507543718
12507543719
12507543720
12507543721
12507543722
12507543723
12507543724
12507543725
12507543726
12507855569
12507855570
12507855577
12507855578
12507855581
12507855582
12507855583
12507975098
12507975100
12507975101
12507975103
12507975104
12507975106
12507975107
12507975108
12507975112
12507979556
12507979557
12507979559
12507979562
12507979564
12507979565
12507979566
12507979567
12507979568
12508031758
12508031759
12508031760
12508031761
12508031763
12508031764
12508031766
12508031771
12508031772
12508132459
12508132460
12508132461
12508132462
12508132463
12508132465
12508132467
12508132470
12508132471
12508308651
12508308652
12508308655
12508308656
12508308658
12508308660
12508308665
12508386203
12508386205
12508386206
12508386208
12508386209
12508386210
12508386211
12508386213
12508386217
12508523059
12508523060
12508523063
12508523065
12508523067
12508523069
12508523073
12508613241
12508613242
12508613243
12508613245
12508613247
12508613251
12508613253
12508613254
12508708894
12508708895
12508708896
12508708897
12508708898
12508708900
12508708901
12508708903
12508708904
12508708906
12508833280
12508833281
12508833282
12508833283
12508833284
12508833285
12508833286
12508833287
12508833289
12508833290
12508833291
12508833292
12509188734
12509188735
12509188736
12509188737
12509188738
12509188740
12509188742
12509188744
12509188745
12509188746
12509291837
12509291838
12509291842
12509291844
12509291845
12509291846
12509291847
12509291850
12509512681
12509512682
12509512684
12509512685
12509512686
12509512687
12509512690
12509512691
12509512692
12509512693
12509512695
12512893004
12512893007
12512893008
12512893009
12512893010
12512893012
12512893013
12512893014
12512893017
12513160360
12513160361
12513160362
12513160364
12513160365
12513160366
12513160368
12513160373
12513160374
12513339740
12513339743
12513339744
12513339747
12513339752
12513339753
12513339754
12532158792
12532158793
12532158794
12532158797
12532158798
12532158799
12533933448
12533933449
12533933451
12533933452
12533933453
12533933454
12533933455
12533933456
12533933459
12536305842
12536305844
12536305845
12536305846
12536305848
12536305849
12536305851
12536305853
12536305854
12536305856
12540965209
12540965210
12540965213
12540965216
12540965217
12540965219
12540965220
12540965221
12540965223
12543070900
12543070902
12543070904
12543070908
12543070913
12543070914
12547449346
12547449350
12547449352
12547449355
12547449356
12547449357
12547449360
12563763293
12563763295
12563763296
12563763297
12563763300
12563763301
12563763302
12563763303
12563763304
12563763305
12563763306
12564596649
12564596652
12564596654
12564596657
12564596659
12564596662
12602277674
12602277675
12602277676
12602277679
12602277681
12602277682
12602277683
12602277684
12603075668
12603075669
12603075670
12603075671
12603075672
12603075675
12603075676
12603075678
12603075679
12603075680
12603075682
12605351427
12605351428
12605351430
12605351432
12605351433
12605351434
12605351436
12605351437
12605351438
12605737946
12605737950
12605737956
12605737957
12607860437
12607860438
12607860439
12607860441
12607860442
12607860446
12607860447
12607860451
12607866675
12607866676
12607866677
12607866678
12607866679
12607866680
12607866681
12607866682
12607866684
12607866686
12622353624
12622353630
12622353631
12622353632
12622353633
12622353635
12622353637
12622353638
12622367771
12622367772
12622367774
12622367775
12622367776
12622367777
12622367778
12622367779
12622367780
12622367781
12622367783
12622367784
12625656800
12625656801
12625656802
12625656803
12625656804
12625656805
12625656806
12625656807
12625656808
12625656809
12625656810
12625656813
12625656814
12627975704
12627975707
12627975708
12627975709
12627975710
12627975711
12627975714
12627975715
12627975716
12627975717
12628068179
12628068181
12628068182
12628068187
12628068189
12628068191
12628068192
12632572228
12632572231
12632572232
12632572234
12632572236
12632572237
12632572238
12632572241
12632572242
12674046529
12674046531
12674046533
12674046534
12674046535
12674046536
12674046537
12674046538
12674046540
12674046541
12674782270
12674782271
12674782272
12674782273
12674782274
12674782276
12674782278
12674782279
12674782280
12675210473
12675210474
12675210478
12675210479
12675210482
12675210483
12675210484
12675210485
12675713644
12675713645
12675713646
12675713648
12675713649
12675713651
12675713652
12675713653
12675713655
12675713657
12675713658
12676274912
12676274913
12676274914
12676274916
12676274922
12676274923
12676274924
12676274925
12676579494
12676579495
12676579496
12676579497
12676579498
12676579499
12676579500
12676579502
12676579506
12676579507
12676579508
12677570354
12677570355
12677570356
12677570358
12677570359
12677570362
12677570363
12677570365
12677570366
12677570367
12677570368
12677570369
12677570370
12677570375
12677871897
12677871898
12677871899
12677871901
12677871902
12677871903
12677871904
12677871905
12677871906
12677871907
12677871908
12677871910
12678183009
12678183010
12678183011
12678183013
12678183014
12678183015
12678183017
12678183019
12678183021
12709915541
12709915542
12709915543
12709915544
12709915545
12709915546
12709915547
12709915548
12709915549
12709915551
12709915552
12709915554
12709915555
12765444364
12765444366
12765444367
12765444370
12765444371
12765444373
12765444374
12765444375
12765444376
12813676667
12813676668
12813676670
12813676673
12813676674
12813676676
12813676677
12813676679
12813676681
12814075322
12814075323
12814075325
12814075326
12814075328
12814075329
12814075330
12814075331
12814075332
12814075333
12814075334
12814075336
12815022016
12815022017
12815022019
12815022020
12815022024
12815022025
12815022026
12815022027
12815022028
12815022029
12815022030
12815457581
12815457582
12815457586
12815457588
12815457590
12815457591
12815457592
12815457593
12815457594
12815457595
12815743803
12815743804
12815743806
12815743807
12815743811
12815743812
12815743813
12815743815
12815743816
12815743817
12818960807
12818960811
12818960812
12818960813
12818960814
12818960815
12818960816
12818960817
12818960818
12819404636
12819404638
12819404640
12819404641
12819404642
12819404645
12892069163
12892069165
12892069167
12892069168
12892069169
12892069171
12892069172
12892069173
12892069174
12892069175
12892069177
12892174792
12892174793
12892174794
12892174795
12892174801
12892174805
12892315792
12892315795
12892315796
12892315797
12892315798
12892315799
12892315800
12892315805
12892315806
12892389203
12892389204
12892389206
12892389207
12892389208
12892389209
12892389214
12892389215
12892389216
12892969640
12892969641
12892969642
12892969643
12892969644
12892969645
12892969646
12893622406
12893622408
12893622409
12893622411
12893622412
12893622415
12893622416
12893786183
12893786186
12893786189
12893786190
12893786191
12893786192
12893786193
12893786195
12893786196
12893786197
12893802082
12893802083
12893802085
12893802087
12893802088
12893802089
12893802091
12893802092
12893802095
12894220406
12894220407
12894220408
12894220410
12894220411
12894220415
12894220416
12894220418
12894220419
12894220420
12894775347
12894775348
12894775349
12894775351
12894775352
12894775353
12894775354
12894775357
12894775358
12894775361
12895978691
12895978692
12895978694
12895978697
12895978699
12895978700
12895978701
12895978703
12895978705
12897833399
12897833400
12897833401
12897833403
12897833404
12897833405
12897833407
12897833410
12898015051
12898015052
12898015053
12898015054
12898015055
12898015056
12898015059
12898015060
12898015061
12898015062
12898015065
12898727327
12898727328
12898727329
12898727330
12898727332
12898727334
12898727335
12898727336
12898727337
12898727339
12898727340
12898727341
12898900785
12898900786
12898900787
12898900788
12898900789
12898900790
12898900792
12898900793
12899689785
12899689786
12899689788
12899689789
12899689791
12899689792
12899689793
12899689797
12899689798
12899908361
12899908362
12899908363
12899908365
12899908366
12899908367
12899908368
12899908370
12899908375
12909040156
12909040158
12909040160
12909040161
12909040163
12909040164
12909040165
12909040166
12909040168
